9781611212518
9781606352557
9780823256679
9781442601055
9780415679053
9780199646678
9780882952451
9780739115060
9781780767857
9781107041363
9781412853675
9781107660588
9780810888593
9780415873796
9780226013862
9780801452192
9780231168526
9780415734226
9780231159869
9780836191585
9780415673082
9780195309003
9780802094544
9780195384031
9780521811682
9780521781510
9780300118889
9780679744726
9780618894253
9780312108021
9780691130675
9780192853523
9781844674183
9780801049200
9780804842525
9780465056965
9781498217224
9780774827720
9780199739035
9781876175702
9780679783282
9780415913744
9780801488900
9780773544680
9780316221047
9780199767458
9780801452420
9780813343969
9780816636266
9780771013546
9780312415013
9781443414425
9781626199118
9780199379637
9780520224735
9780312393557
9780199933808
9780807859353
9781491861493
9780674725317
9781844674589